
Nov=8 NoVi=6
NoN=8 NoNi=6
NoT=0 NoTi=0
vertex List
 1.000000 1.000000 10.000000
 1.000000 10.000000 10.000000
 10.000000 10.000000 10.000000
 10.000000 1.000000 10.000000
 1.000000 1.000000 1.000000
 1.000000 10.000000 1.000000
 10.000000 10.000000 1.000000
 10.000000 10.000000 1.000000
normal List
 0.577350 0.577350 -0.577350
 0.577350 -0.577350 -0.577350
 -0.577350 -0.577350 -0.577350
 -0.577350 0.577350 -0.577350
 0.577350 0.577350 0.577350
 0.577350 -0.577350 0.577350
 -0.577350 -0.577350 0.577350
 -0.577350 0.577350 0.577350
Texture List
Vertex indices
 1 2 3
 5 6 2
 3 2 6
 3 7 8
 1 4 8
 8 7 6
Normal indices
 1 2 3
 5 6 2
 3 2 6
 3 7 8
 1 4 8
 8 7 6
Texture indices